import numpy as np
import pinocchio as pin

R_01 = np.array([[0.180678, 0.89108, -0.416331],
                 [0.950891, -0.266422, -0.157563],
                 [-0.251321, -0.367417, -0.895457]])
p_01 = np.array([-0.928835, -0.646721, -0.169338])
T_01_sol = pin.SE3(R_01, p_01)

R_02 = np.array([[0.855967, 0.514137, 0.0546189],
                 [-0.475829, 0.824674, -0.305775],
                 [-0.202253, 0.235744, 0.950536]])
p_02 = np.array([0.227817, 0.615672, -0.740323])
T_02_sol = pin.SE3(R_02, p_02)

R_03 = np.array([[-0.555644, -0.0043484, 0.831409],
                 [0.367532, 0.895692, 0.250313],
                 [-0.745776, 0.444654, -0.496087]])
p_03 = np.array([-0.502505, -0.580194, -0.275133])
T_03_sol = pin.SE3(R_03, p_03)

R_04 = np.array([[0.44806, 0.71628, 0.534962],
                 [0.704219, 0.0858558, -0.704774],
                 [-0.550745, 0.692512, -0.465949]])
p_04 = np.array([-0.491384, -0.591691, 0.252096])
T_04_sol = pin.SE3(R_04, p_04)
